1, throttle, 0, 23:29:47.281
2, throttle, 0, 23:29:47.345
3, throttle, 0, 23:29:47.397
4, throttle, 0, 23:29:47.446
5, throttle, 0, 23:29:47.505
6, throttle, 0, 23:29:47.557
7, throttle, 0, 23:29:47.615
8, throttle, 0, 23:29:47.668
9, throttle, 0, 23:29:47.725
10, throttle, 0, 23:29:47.785
11, throttle, 0, 23:29:47.839
12, throttle, 0, 23:29:47.895
13, throttle, 0, 23:29:47.949
14, throttle, 0, 23:29:48.006
15, throttle, 0, 23:29:48.060
16, throttle, 0, 23:29:48.118
17, throttle, 0, 23:29:48.170
18, throttle, 0, 23:29:48.227
19, throttle, 0, 23:29:48.280
20, throttle, 0, 23:29:48.338
21, throttle, 0, 23:29:48.394
22, throttle, 0, 23:29:48.449
23, throttle, 0, 23:29:48.508
24, throttle, 0, 23:29:48.564
25, throttle, 0, 23:29:48.617
26, throttle, 0, 23:29:48.670
27, throttle, 0, 23:29:48.730
28, throttle, 0, 23:29:48.798
29, throttle, 0, 23:29:48.855
30, throttle, 0, 23:29:48.908
1, rpm, 0, 23:29:47.281
2, rpm, 29, 23:29:47.345
3, rpm, 29, 23:29:47.397
4, rpm, 29, 23:29:47.446
5, rpm, 29, 23:29:47.505
6, rpm, 29, 23:29:47.557
7, rpm, 29, 23:29:47.615
8, rpm, 29, 23:29:47.668
9, rpm, 29, 23:29:47.725
10, rpm, 29, 23:29:47.785
11, rpm, 29, 23:29:47.839
12, rpm, 29, 23:29:47.895
13, rpm, 29, 23:29:47.949
14, rpm, 29, 23:29:48.006
15, rpm, 29, 23:29:48.060
16, rpm, 29, 23:29:48.118
17, rpm, 29, 23:29:48.170
18, rpm, 29, 23:29:48.227
19, rpm, 29, 23:29:48.280
20, rpm, 29, 23:29:48.338
21, rpm, 29, 23:29:48.394
22, rpm, 29, 23:29:48.449
23, rpm, 29, 23:29:48.508
24, rpm, 29, 23:29:48.564
25, rpm, 29, 23:29:48.617
26, rpm, 29, 23:29:48.670
27, rpm, 29, 23:29:48.730
28, rpm, 29, 23:29:48.798
29, rpm, 29, 23:29:48.855
30, rpm, 29, 23:29:48.908
1, current, 0.18/0.64, 23:29:47.281
2, current, 0.27/0.94, 23:29:47.345
3, current, 0.34/1.19, 23:29:47.397
4, current, 0.52/1.77, 23:29:47.446
5, current, 0.41/1.42, 23:29:47.505
6, current, 0.40/1.37, 23:29:47.557
7, current, 0.46/1.54, 23:29:47.615
8, current, 0.48/1.61, 23:29:47.668
9, current, 0.32/1.16, 23:29:47.725
10, current, 0.27/0.95, 23:29:47.785
11, current, 0.28/0.99, 23:29:47.839
12, current, 0.30/0.97, 23:29:47.895
13, current, 0.29/1.01, 23:29:47.949
14, current, 0.25/0.85, 23:29:48.006
15, current, 0.28/0.96, 23:29:48.060
16, current, 0.27/0.92, 23:29:48.118
17, current, 0.29/0.92, 23:29:48.170
18, current, 0.28/1.01, 23:29:48.227
19, current, 0.26/0.92, 23:29:48.280
20, current, 0.31/1.04, 23:29:48.338
21, current, 0.27/0.94, 23:29:48.394
22, current, 0.28/1.02, 23:29:48.449
23, current, 0.28/0.98, 23:29:48.508
24, current, 0.31/1.06, 23:29:48.564
25, current, 0.26/0.85, 23:29:48.617
26, current, 0.23/0.78, 23:29:48.670
27, current, 0.25/0.88, 23:29:48.730
28, current, 0.25/0.83, 23:29:48.798
29, current, 0.27/0.93, 23:29:48.855
30, current, 0.23/0.80, 23:29:48.908
1, votlage, 0, 23:29:47.281
2, votlage, 0, 23:29:47.345
3, votlage, 0.01, 23:29:47.397
4, votlage, 0, 23:29:47.446
5, votlage, 0, 23:29:47.505
6, votlage, 0.01, 23:29:47.557
7, votlage, 0, 23:29:47.615
8, votlage, 0.01, 23:29:47.668
9, votlage, 0.01, 23:29:47.725
10, votlage, 0, 23:29:47.785
11, votlage, 0, 23:29:47.839
12, votlage, 0, 23:29:47.895
13, votlage, 0, 23:29:47.949
14, votlage, 0.01, 23:29:48.006
15, votlage, 0, 23:29:48.060
16, votlage, 0, 23:29:48.118
17, votlage, 0, 23:29:48.170
18, votlage, 0.02, 23:29:48.227
19, votlage, 0.01, 23:29:48.280
20, votlage, 0, 23:29:48.338
21, votlage, 0.01, 23:29:48.394
22, votlage, 0, 23:29:48.449
23, votlage, 0, 23:29:48.508
24, votlage, 0.01, 23:29:48.564
25, votlage, 0, 23:29:48.617
26, votlage, 0, 23:29:48.670
27, votlage, 0, 23:29:48.730
28, votlage, 0, 23:29:48.798
29, votlage, 0, 23:29:48.855
30, votlage, 0.01, 23:29:48.908
1, 00422.577509, 5159.968558, 0.0, 23:29:47.281
2, 00422.577510, 5159.968557, 0.0, 23:29:47.345
3, 00422.577512, 5159.968559, 0.0, 23:29:47.397
4, 00422.577512, 5159.968562, 0.0, 23:29:47.446
5, 00422.577512, 5159.968562, 0.0, 23:29:47.505
6, 00422.577512, 5159.968562, 0.0, 23:29:47.557
7, 00422.577512, 5159.968562, 0.0, 23:29:47.615
8, 00422.577512, 5159.968562, 0.0, 23:29:47.668
9, 00422.577512, 5159.968562, 0.0, 23:29:47.725
10, 00422.577512, 5159.968562, 0.0, 23:29:47.785
11, 00422.577512, 5159.968562, 0.0, 23:29:47.839
12, 00422.577512, 5159.968562, 0.0, 23:29:47.895
13, 00422.577512, 5159.968562, 0.0, 23:29:47.949
14, 00422.577512, 5159.968562, 0.0, 23:29:48.006
15, 00422.577512, 5159.968562, 0.0, 23:29:48.060
16, 00422.577512, 5159.968562, 0.0, 23:29:48.118
17, 00422.577512, 5159.968562, 0.0, 23:29:48.170
18, 00422.577512, 5159.968562, 0.0, 23:29:48.227
19, 00422.577512, 5159.968562, 0.0, 23:29:48.280
20, 00422.577512, 5159.968562, 0.0, 23:29:48.338
21, 00422.577512, 5159.968562, 0.0, 23:29:48.394
22, 00422.577512, 5159.968562, 0.0, 23:29:48.449
23, 00422.577512, 5159.968562, 0.0, 23:29:48.508
24, 00422.577512, 5159.968562, 0.0, 23:29:48.564
25, 00422.577512, 5159.968562, 0.0, 23:29:48.617
26, 00422.577512, 5159.968562, 0.0, 23:29:48.670
27, 00422.577512, 5159.968562, 0.0, 23:29:48.730
28, 00422.577512, 5159.968562, 0.0, 23:29:48.798
29, 00422.577512, 5159.968562, 0.0, 23:29:48.855
30, 00422.577512, 5159.968562, 0.0, 23:29:48.908
